../data/corner/left_2.png不存在
../data/corner/left_3.png不存在
../data/corner/left_4.png不存在
../data/corner/left_5.png不存在
读取第6帧
the size of pts_obj is : 179
the number of inliers is : 165
norm = 0.042189
不是关键帧
读取第7帧
the size of pts_obj is : 116
the number of inliers is : 116
norm = 0.0335907
不是关键帧
读取第8帧
the size of pts_obj is : 102
the number of inliers is : 102
norm = 0.0327322
不是关键帧
读取第9帧
the size of pts_obj is : 140
the number of inliers is : 140
norm = 0.029768
不是关键帧
读取第10帧
the size of pts_obj is : 49
the number of inliers is : 49
norm = 0.0409336
不是关键帧
读取第11帧
the size of pts_obj is : 173
the number of inliers is : 172
norm = 0.0481031
不是关键帧
读取第12帧
the size of pts_obj is : 186
the number of inliers is : 185
norm = 0.0583775
T =     0.998771    0.0439216   -0.0229559 -0.000629991
  -0.0442282     0.998937   -0.0130229   -0.0226677
   0.0223595    0.0140222     0.999652  0.000911778
           0            0            0            1
读取第13帧
the size of pts_obj is : 177
the number of inliers is : 177
norm = 0.0216159
不是关键帧
读取第14帧
the size of pts_obj is : 159
the number of inliers is : 159
norm = 0.03803
不是关键帧
读取第15帧
the size of pts_obj is : 175
the number of inliers is : 175
norm = 0.0581345
T =     0.999072     0.039905   -0.0162187  -0.00147955
  -0.0395217     0.998947    0.0233056   -0.0166818
   0.0171316    -0.022643     0.999597 -0.000501695
           0            0            0            1
读取第16帧
the size of pts_obj is : 198
the number of inliers is : 197
norm = 0.0132464
不是关键帧
读取第17帧
the size of pts_obj is : 95
the number of inliers is : 95
norm = 0.0279853
不是关键帧
读取第18帧
the size of pts_obj is : 211
the number of inliers is : 206
norm = 0.0471693
不是关键帧
读取第19帧
the size of pts_obj is : 211
the number of inliers is : 206
norm = 0.0471693
不是关键帧
读取第20帧
the size of pts_obj is : 170
the number of inliers is : 170
norm = 0.0620594
T =     0.999995 -0.000364328   -0.0032614  -0.00331267
 0.000230917     0.999167   -0.0408132  -0.00326839
  0.00327355    0.0408122     0.999161 -0.000806358
           0            0            0            1
读取第21帧
the size of pts_obj is : 100
the number of inliers is : 100
norm = 0.0142643
不是关键帧
读取第22帧
the size of pts_obj is : 119
the number of inliers is : 119
norm = 0.0387384
不是关键帧
读取第23帧
the size of pts_obj is : 210
the number of inliers is : 209
norm = 0.0742475
T =    0.998902   0.0355499  -0.0305138 -0.00115143
 -0.0345058    0.998823   0.0340872  -0.0311189
  0.0316896  -0.0329969    0.998953 -0.00229034
          0           0           0           1
读取第24帧
the size of pts_obj is : 55
the number of inliers is : 55
norm = 0.0284414
不是关键帧
读取第25帧
the size of pts_obj is : 136
the number of inliers is : 136
norm = 0.0510354
T =      0.99933   0.00504536   -0.0362506 -0.000185568
 -0.00550184     0.999907   -0.0125037   -0.0362264
   0.0361842    0.0126947     0.999265   -0.0012913
           0            0            0            1
读取第26帧
the size of pts_obj is : 161
the number of inliers is : 161
norm = 0.0210053
不是关键帧
读取第27帧
the size of pts_obj is : 194
the number of inliers is : 193
norm = 0.0426491
不是关键帧
读取第28帧
the size of pts_obj is : 189
the number of inliers is : 184
norm = 0.0472112
不是关键帧
读取第29帧
the size of pts_obj is : 196
the number of inliers is : 196
norm = 0.0493422
不是关键帧
读取第30帧
the size of pts_obj is : 187
the number of inliers is : 179
norm = 0.0730081
T =     0.999023   -0.0440141   0.00392348 -0.000695875
   0.0439871      0.99901   0.00670925   0.00407054
 -0.00421489  -0.00653011      0.99997   -0.0032258
           0            0            0            1
读取第31帧
the size of pts_obj is : 145
the number of inliers is : 144
norm = 0.0341149
不是关键帧
读取第32帧
the size of pts_obj is : 171
the number of inliers is : 168
norm = 0.0358733
不是关键帧
读取第33帧
the size of pts_obj is : 83
the number of inliers is : 81
norm = 0.0465204
不是关键帧
读取第34帧
the size of pts_obj is : 123
the number of inliers is : 121
norm = 0.0536445
T =    0.999871  -0.0143503  0.00720625 -0.00633968
    0.01451    0.999639   -0.022631  0.00704348
-0.00687889   0.0227326    0.999718 -0.00280659
          0           0           0           1
读取第35帧
the size of pts_obj is : 146
the number of inliers is : 146
norm = 0.0177766
不是关键帧
读取第36帧
the size of pts_obj is : 115
the number of inliers is : 114
norm = 0.0465406
不是关键帧
读取第37帧
the size of pts_obj is : 191
the number of inliers is : 190
norm = 0.0725132
T =    0.999992  0.00248538 -0.00318011 -0.00214234
-0.00230311    0.998423   0.0560887 -0.00324901
 0.00331449  -0.0560809    0.998421 -0.00239669
          0           0           0           1
读取第38帧
the size of pts_obj is : 143
the number of inliers is : 143
norm = 0.0200371
不是关键帧
读取第39帧
the size of pts_obj is : 157
the number of inliers is : 148
norm = 0.0522659
T =    0.999674  -0.0230674  -0.0109305 -0.00023806
  0.0227443    0.999326  -0.0288174  -0.0112619
  0.0115878   0.0285594    0.999525 -0.00268399
          0           0           0           1
读取第40帧
the size of pts_obj is : 117
the number of inliers is : 114
norm = 0.0247196
不是关键帧
读取第41帧
the size of pts_obj is : 173
the number of inliers is : 171
norm = 0.0430536
不是关键帧
../data/corner/left_42.png不存在
读取第43帧
the size of pts_obj is : 134
the number of inliers is : 134
norm = 0.0645348
T =     0.99936   0.0141406   0.0328683 -0.00109138
 -0.0148129    0.999684   0.0203005   0.0327289
 -0.0325709  -0.0207744    0.999254 -0.00596799
          0           0           0           1
读取第44帧
the size of pts_obj is : 125
the number of inliers is : 124
norm = 0.0299272
不是关键帧
读取第45帧
the size of pts_obj is : 86
the number of inliers is : 86
norm = 0.028629
不是关键帧
读取第46帧
the size of pts_obj is : 155
the number of inliers is : 155
norm = 0.0354906
不是关键帧
读取第47帧
the size of pts_obj is : 151
the number of inliers is : 151
norm = 0.0369771
不是关键帧
读取第48帧
the size of pts_obj is : 188
the number of inliers is : 187
norm = 0.0517524
T =    0.999919   0.0124399 -0.00268998 -0.00019888
 -0.0124871    0.999754  -0.0183352 -0.00257582
 0.00246123   0.0183673    0.999828 -0.00122798
          0           0           0           1
读取第49帧
the size of pts_obj is : 167
the number of inliers is : 167
norm = 0.0356376
不是关键帧
读取第50帧
the size of pts_obj is : 121
the number of inliers is : 121
norm = 0.0700896
T =     0.998811      0.01914   -0.0448408  -0.00483511
  -0.0191178     0.999817  0.000923111   -0.0448633
   0.0448502 -6.47545e-05     0.998994  -0.00403554
           0            0            0            1
读取第51帧
the size of pts_obj is : 365
the number of inliers is : 365
norm = 2.19027e-08
不是关键帧
读取第52帧
the size of pts_obj is : 124
the number of inliers is : 123
norm = 0.0516709
T =    0.999111  0.00197811  -0.0421035 0.000486764
-0.00228011    0.999972 -0.00712602  -0.0421087
  0.0420882  0.00721569    0.999088  0.00116376
          0           0           0           1
读取第53帧
the size of pts_obj is : 127
the number of inliers is : 127
norm = 0.0182208
不是关键帧
读取第54帧
the size of pts_obj is : 21
the number of inliers is : 21
norm = 0.022622
不是关键帧
读取第55帧
the size of pts_obj is : 89
the number of inliers is : 89
norm = 0.0405114
不是关键帧
读取第56帧
the size of pts_obj is : 126
the number of inliers is : 126
norm = 0.0620027
T =     0.999308   -0.0338483    0.0154167   -0.0016433
   0.0338673     0.999426 -0.000970652    0.0153994
   -0.015375    0.0014921     0.999881  -0.00237169
           0            0            0            1
读取第57帧
the size of pts_obj is : 103
the number of inliers is : 103
norm = 0.0180961
不是关键帧
读取第58帧
the size of pts_obj is : 115
the number of inliers is : 114
norm = 0.0404382
不是关键帧
读取第59帧
the size of pts_obj is : 147
the number of inliers is : 147
norm = 0.0424542
不是关键帧
读取第60帧
the size of pts_obj is : 122
the number of inliers is : 121
norm = 0.0374684
不是关键帧
读取第61帧
the size of pts_obj is : 87
the number of inliers is : 87
norm = 0.0381917
不是关键帧
读取第62帧
the size of pts_obj is : 106
the number of inliers is : 104
norm = 0.060983
T =    0.999669  0.00924139   -0.023991   0.0072961
-0.00927225    0.999956 -0.00117564  -0.0239877
  0.0239791   0.0013977    0.999711 -0.00434884
          0           0           0           1
读取第63帧
the size of pts_obj is : 140
the number of inliers is : 140
norm = 0.0188574
不是关键帧
读取第64帧
the size of pts_obj is : 93
the number of inliers is : 93
norm = 0.0326092
不是关键帧
读取第65帧
the size of pts_obj is : 83
the number of inliers is : 83
norm = 0.0298909
不是关键帧
读取第66帧
the size of pts_obj is : 56
the number of inliers is : 56
norm = 0.0265791
不是关键帧
读取第67帧
the size of pts_obj is : 96
the number of inliers is : 96
norm = 0.0611251
T =     0.999728 -0.000541575    0.0233304 -0.000301075
 0.000926203     0.999864   -0.0164784    0.0233276
  -0.0233183    0.0164955     0.999592  -0.00344689
           0            0            0            1
读取第68帧
the size of pts_obj is : 104
the number of inliers is : 104
norm = 0.0301318
不是关键帧
读取第69帧
the size of pts_obj is : 71
the number of inliers is : 71
norm = 0.039202
不是关键帧
读取第70帧
the size of pts_obj is : 134
the number of inliers is : 134
norm = 0.0459445
不是关键帧
读取第71帧
the size of pts_obj is : 73
the number of inliers is : 73
norm = 0.0549046
T =    0.999653 -0.00943104   0.0245969 -0.00267964
 0.00979718    0.999842  -0.0148082   0.0245288
 -0.0244533    0.015044    0.999588 0.000947145
          0           0           0           1
读取第72帧
the size of pts_obj is : 39
the number of inliers is : 39
norm = 0.0135396
不是关键帧
读取第73帧
the size of pts_obj is : 87
the number of inliers is : 87
norm = 0.0227611
不是关键帧
读取第74帧
the size of pts_obj is : 121
the number of inliers is : 121
norm = 0.031887
不是关键帧
读取第75帧
the size of pts_obj is : 78
the number of inliers is : 78
norm = 0.0416128
不是关键帧
读取第76帧
the size of pts_obj is : 78
the number of inliers is : 78
norm = 0.0416128
不是关键帧
读取第77帧
the size of pts_obj is : 110
the number of inliers is : 108
norm = 0.0566573
T =     0.999923  0.000514925   -0.0124102   0.00257741
-0.000717876     0.999866   -0.0163547    -0.012406
   0.0124001    0.0163623     0.999789  -0.00270597
           0            0            0            1
读取第78帧
the size of pts_obj is : 22
the number of inliers is : 22
norm = 0.0174793
不是关键帧
读取第79帧
the size of pts_obj is : 106
the number of inliers is : 105
norm = 0.0355005
不是关键帧
读取第80帧
the size of pts_obj is : 95
the number of inliers is : 94
norm = 0.0376334
不是关键帧
读取第81帧
the size of pts_obj is : 90
the number of inliers is : 89
norm = 0.0517493
T =     0.99972  -0.0090544   0.0218517 -0.00337164
 0.00876028     0.99987   0.0135179   0.0219142
 -0.0219713  -0.0133227     0.99967 -0.00079473
          0           0           0           1
读取第82帧
the size of pts_obj is : 116
the number of inliers is : 116
norm = 0.0239485
不是关键帧
读取第83帧
the size of pts_obj is : 96
the number of inliers is : 96
norm = 0.0220462
不是关键帧
读取第84帧
the size of pts_obj is : 68
the number of inliers is : 68
norm = 0.0326231
不是关键帧
读取第85帧
the size of pts_obj is : 79
the number of inliers is : 79
norm = 0.0457292
不是关键帧
读取第86帧
the size of pts_obj is : 129
the number of inliers is : 124
norm = 0.0598075
T =   0.999545  0.0174533 -0.0245892  0.0054995
 -0.017803   0.999742  -0.014073 -0.0244678
 0.0243373  0.0145043   0.999599 -0.0013346
         0          0          0          1
读取第87帧
the size of pts_obj is : 55
the number of inliers is : 55
norm = 0.0202787
不是关键帧
读取第88帧
the size of pts_obj is : 92
the number of inliers is : 92
norm = 0.0356984
不是关键帧
读取第89帧
the size of pts_obj is : 112
the number of inliers is : 111
norm = 0.0443416
不是关键帧
读取第90帧
the size of pts_obj is : 100
the number of inliers is : 97
norm = 0.046965
不是关键帧
读取第91帧
the size of pts_obj is : 101
the number of inliers is : 94
norm = 0.0601894
T =     0.999901    0.0120939  -0.00721955 -0.000626245
  -0.0122709     0.999612   -0.0249868  -0.00706803
  0.00691456    0.0250729     0.999662  -0.00181687
           0            0            0            1
读取第92帧
the size of pts_obj is : 67
the number of inliers is : 67
norm = 0.0190072
不是关键帧
读取第93帧
the size of pts_obj is : 82
the number of inliers is : 82
norm = 0.0404028
不是关键帧
读取第94帧
the size of pts_obj is : 79
the number of inliers is : 79
norm = 0.0640528
T =     0.999058   -0.0429573  -0.00607057 -0.000759785
   0.0430721     0.998867    0.0202546  -0.00563425
  0.00519361    -0.020497     0.999776  0.000702599
           0            0            0            1
读取第95帧
the size of pts_obj is : 43
the number of inliers is : 43
norm = 0.0153906
不是关键帧
读取第96帧
the size of pts_obj is : 36
the number of inliers is : 36
norm = 0.030534
不是关键帧
读取第97帧
the size of pts_obj is : 101
the number of inliers is : 100
norm = 0.0396104
不是关键帧
读取第98帧
the size of pts_obj is : 76
the number of inliers is : 74
norm = 0.0588463
T =     0.999854    0.0171048  9.83731e-05   0.00150224
  -0.0170994     0.999356    0.0315488 -0.000171513
 0.000441325   -0.0315458     0.999502  -0.00285206
           0            0            0            1
读取第99帧
the size of pts_obj is : 63
the number of inliers is : 63
norm = 0.0296783
不是关键帧
读取第100帧
the size of pts_obj is : 95
the number of inliers is : 94
norm = 0.0321748
不是关键帧
读取第101帧
the size of pts_obj is : 95
the number of inliers is : 92
norm = 0.0511727
T =    0.999678  -0.0112861  -0.0227177  0.00220657
  0.0107852    0.999699  -0.0220542   -0.022843
  0.0229597   0.0218021    0.999499 -0.00300539
          0           0           0           1
读取第102帧
the size of pts_obj is : 66
the number of inliers is : 66
norm = 0.0200537
不是关键帧
读取第103帧
the size of pts_obj is : 93
the number of inliers is : 92
norm = 0.0507143
T =    0.999663   0.0255804  0.00435279 -0.00293647
 -0.0256769    0.999387     0.02379  0.00404801
-0.00374156  -0.0238938    0.999708 -0.00362385
          0           0           0           1
读取第104帧
the size of pts_obj is : 51
the number of inliers is : 51
norm = 0.0134537
不是关键帧
读取第105帧
the size of pts_obj is : 90
the number of inliers is : 88
norm = 0.0338776
不是关键帧
读取第106帧
the size of pts_obj is : 88
the number of inliers is : 88
norm = 0.0385965
不是关键帧
读取第107帧
the size of pts_obj is : 74
the number of inliers is : 71
norm = 0.0449246
不是关键帧
读取第108帧
the size of pts_obj is : 111
the number of inliers is : 101
norm = 0.0556234
T =    0.999671  -0.0227766   0.0118299 -0.00245869
  0.0227941    0.999739 -0.00134666   0.0118143
 -0.0117961  0.00161587    0.999929 -0.00345547
          0           0           0           1
读取第109帧
the size of pts_obj is : 49
the number of inliers is : 49
norm = 0.0116926
不是关键帧
读取第110帧
the size of pts_obj is : 22
the number of inliers is : 22
norm = 0.0225393
不是关键帧
读取第111帧
the size of pts_obj is : 85
the number of inliers is : 84
norm = 0.0377151
不是关键帧
读取第112帧
the size of pts_obj is : 59
the number of inliers is : 54
norm = 0.0560136
T =    0.999511   0.0184526  -0.0252359  0.00407882
 -0.0179392    0.999631   0.0204187  -0.0254255
  0.0256034  -0.0199561    0.999473 -0.00159148
          0           0           0           1
读取第113帧
the size of pts_obj is : 15
the number of inliers is : 15
norm = 0.0115902
不是关键帧
读取第114帧
the size of pts_obj is : 15
the number of inliers is : 15
norm = 0.0115902
不是关键帧
读取第115帧
the size of pts_obj is : 88
the number of inliers is : 81
norm = 0.0314978
不是关键帧
读取第116帧
the size of pts_obj is : 64
the number of inliers is : 59
norm = 0.0301563
不是关键帧
读取第117帧
the size of pts_obj is : 64
the number of inliers is : 58
norm = 0.0378852
不是关键帧
读取第118帧
the size of pts_obj is : 86
the number of inliers is : 76
norm = 0.055082
T =    0.999812  0.00398147    0.019002  0.00556106
-0.00383005    0.999961 -0.00799807    0.019019
 -0.0190331  0.00792378    0.999787   0.0014137
          0           0           0           1
读取第119帧
the size of pts_obj is : 65
the number of inliers is : 65
norm = 0.011678
不是关键帧
读取第120帧
the size of pts_obj is : 74
the number of inliers is : 70
norm = 0.0335419
不是关键帧
读取第121帧
the size of pts_obj is : 98
the number of inliers is : 87
norm = 0.046238
不是关键帧
读取第122帧
the size of pts_obj is : 60
the number of inliers is : 51
norm = 0.0680743
T =     0.99953  0.00745016   0.0297514 -0.00692952
-0.00660496    0.999575  -0.0284067   0.0298596
 -0.0299504   0.0281968    0.999154   0.0136138
          0           0           0           1
读取第123帧
the size of pts_obj is : 98
the number of inliers is : 98
norm = 0.0201105
不是关键帧
读取第124帧
the size of pts_obj is : 85
the number of inliers is : 79
norm = 0.0277408
不是关键帧
读取第125帧
the size of pts_obj is : 38
the number of inliers is : 37
norm = 0.0420153
不是关键帧
读取第126帧
the size of pts_obj is : 35
the number of inliers is : 33
norm = 0.0455263
不是关键帧
读取第127帧
the size of pts_obj is : 117
the number of inliers is : 99
norm = 0.0712851
T =     0.99925   0.0110143  -0.0371329 -0.00229515
 -0.0108286    0.999928  0.00519802  -0.0371696
  0.0371875 -0.00479202    0.999297 -0.00709593
          0           0           0           1
读取第128帧
the size of pts_obj is : 46
the number of inliers is : 46
norm = 0.0232534
不是关键帧
读取第129帧
the size of pts_obj is : 58
the number of inliers is : 56
norm = 0.0321151
不是关键帧
读取第130帧
the size of pts_obj is : 43
the number of inliers is : 43
norm = 0.078132
T =     0.99886  -0.0293227   0.0376652 -0.00476449
  0.0283274    0.999242   0.0266947   0.0380611
 -0.0384194  -0.0255973    0.998934  -0.0108654
          0           0           0           1
读取第131帧
the size of pts_obj is : 34
the number of inliers is : 34
norm = 0.023792
不是关键帧
读取第132帧
the size of pts_obj is : 78
the number of inliers is : 75
norm = 0.0287082
不是关键帧
读取第133帧
the size of pts_obj is : 86
the number of inliers is : 82
norm = 0.055222
T =    0.999571 0.000828696   0.0292765 -0.00818473
-0.00116781    0.999932   0.0115679   0.0292756
  -0.029265  -0.0115971    0.999504 -0.00244474
          0           0           0           1
读取第134帧
the size of pts_obj is : 20
the number of inliers is : 20
norm = 0.012312
不是关键帧
读取第135帧
the size of pts_obj is : 86
the number of inliers is : 85
norm = 0.0214485
不是关键帧
读取第136帧
the size of pts_obj is : 80
the number of inliers is : 76
norm = 0.0413193
不是关键帧
读取第137帧
the size of pts_obj is : 80
the number of inliers is : 76
norm = 0.0623918
T =      0.99971    0.0240504  -0.00111004  -0.00460294
   -0.024069     0.999468   -0.0220079 -0.000845243
 0.000580148    0.0220283     0.999757   0.00443494
           0            0            0            1
读取第138帧
the size of pts_obj is : 72
the number of inliers is : 68
norm = 0.0214135
不是关键帧
读取第139帧
the size of pts_obj is : 89
the number of inliers is : 83
norm = 0.0417151
不是关键帧
../data/corner/left_140.png不存在
读取第141帧
the size of pts_obj is : 83
the number of inliers is : 71
norm = 0.064724
T =   0.999557  0.0128558 -0.0268495  0.0098587
-0.0133725   0.999727 -0.0191578 -0.0267283
 0.0265959  0.0195084   0.999456 0.00946477
         0          0          0          1
读取第142帧
the size of pts_obj is : 62
the number of inliers is : 59
norm = 0.029009
不是关键帧
读取第143帧
the size of pts_obj is : 74
the number of inliers is : 67
norm = 0.0847339
T =    0.999464  0.00392347   0.0324963  0.00423401
-0.00595669    0.998014   0.0627092   0.0323681
 -0.0321857  -0.0628691    0.997503 -0.00390333
          0           0           0           1
读取第144帧
the size of pts_obj is : 102
the number of inliers is : 97
norm = 0.0318342
不是关键帧
读取第145帧
the size of pts_obj is : 60
the number of inliers is : 58
norm = 0.0557321
T =     0.999951   -0.0098527 -0.000235414  2.75517e-05
  0.00983523     0.999141   -0.0402657   -0.0004338
 0.000631938    0.0402615     0.999189 -0.000819062
           0            0            0            1
读取第146帧
the size of pts_obj is : 38
the number of inliers is : 38
norm = 0.0155385
不是关键帧
读取第147帧
the size of pts_obj is : 38
the number of inliers is : 38
norm = 0.0155385
不是关键帧
读取第148帧
the size of pts_obj is : 51
the number of inliers is : 46
norm = 0.039043
不是关键帧
读取第149帧
the size of pts_obj is : 51
the number of inliers is : 45
norm = 0.0556124
T =    0.999645 -0.00732543  -0.0256122  0.00759293
  0.0070911    0.999932   -0.009228  -0.0256485
  0.0256781   0.0090431    0.999629 -0.00570251
          0           0           0           1
读取第150帧
the size of pts_obj is : 77
the number of inliers is : 74
norm = 0.0469127
不是关键帧
读取第151帧
the size of pts_obj is : 66
the number of inliers is : 63
norm = 0.0598647
T =    0.999174 -0.00489499  -0.0403424  0.00718436
 0.00405224    0.999772  -0.0209453  -0.0404031
  0.0404357   0.0207645    0.998966 0.000728057
          0           0           0           1
读取第152帧
the size of pts_obj is : 19
the number of inliers is : 19
norm = 0.0331863
不是关键帧
读取第153帧
the size of pts_obj is : 77
the number of inliers is : 74
norm = 0.0301748
不是关键帧
读取第154帧
the size of pts_obj is : 77
the number of inliers is : 74
norm = 0.0301748
不是关键帧
读取第155帧
the size of pts_obj is : 51
the number of inliers is : 46
norm = 0.0481262
不是关键帧
读取第156帧
the size of pts_obj is : 50
the number of inliers is : 46
norm = 0.0699545
T =    0.999281 -0.00707085   0.0372557 -0.00469657
 0.00671939    0.999932   0.0095507   0.0372976
 -0.0373206  -0.0092935     0.99926 -0.00299048
          0           0           0           1
读取第157帧
the size of pts_obj is : 37
the number of inliers is : 37
norm = 0.0162103
不是关键帧
读取第158帧
the size of pts_obj is : 106
the number of inliers is : 102
norm = 0.0307258
不是关键帧
读取第159帧
the size of pts_obj is : 98
the number of inliers is : 94
norm = 0.0478769
不是关键帧
读取第160帧
the size of pts_obj is : 60
the number of inliers is : 56
norm = 0.0499522
不是关键帧
读取第161帧
the size of pts_obj is : 93
the number of inliers is : 76
norm = 0.0551802
T =     0.999693    0.0234564  -0.00797386  -0.00126953
  -0.0235315     0.999678  -0.00946321  -0.00786251
  0.00774932   0.00964794     0.999923 -0.000722773
           0            0            0            1
读取第162帧
the size of pts_obj is : 56
the number of inliers is : 56
norm = 0.0173239
不是关键帧
读取第163帧
the size of pts_obj is : 86
the number of inliers is : 85
norm = 0.0420714
不是关键帧
读取第164帧
the size of pts_obj is : 67
the number of inliers is : 67
norm = 0.0348093
不是关键帧
读取第165帧
the size of pts_obj is : 106
the number of inliers is : 102
norm = 0.0372259
不是关键帧
读取第166帧
the size of pts_obj is : 106
the number of inliers is : 94
norm = 0.0459444
不是关键帧
读取第167帧
the size of pts_obj is : 93
the number of inliers is : 80
norm = 0.0643185
T =    0.999556  -0.0257031   0.0150687 -0.00457944
  0.0256684    0.999667  0.00249058   0.0151005
 -0.0151277 -0.00210269    0.999883  0.00040536
          0           0           0           1
读取第168帧
the size of pts_obj is : 100
the number of inliers is : 97
norm = 0.0110836
不是关键帧
读取第169帧
the size of pts_obj is : 94
the number of inliers is : 86
norm = 0.0244453
不是关键帧
读取第170帧
the size of pts_obj is : 71
the number of inliers is : 68
norm = 0.0378018
不是关键帧
读取第171帧
the size of pts_obj is : 56
the number of inliers is : 53
norm = 0.0499608
不是关键帧
读取第172帧
the size of pts_obj is : 58
the number of inliers is : 52
norm = 0.0734706
T =    0.999029   0.0227862   0.0377075  0.00501845
 -0.0231716    0.999683  0.00981534   0.0376025
 -0.0374719  -0.0106795    0.999241 0.000943664
          0           0           0           1
../data/corner/left_173.png不存在
读取第174帧
the size of pts_obj is : 128
the number of inliers is : 122
norm = 0.026089
不是关键帧
读取第175帧
the size of pts_obj is : 85
the number of inliers is : 78
norm = 0.0563966
T =    0.999277   0.0150382   0.0349098 0.000866296
  -0.015285     0.99986  0.00681326   0.0348648
 -0.0348024 -0.00734193    0.999367 -0.00721156
          0           0           0           1
读取第176帧
the size of pts_obj is : 50
the number of inliers is : 50
norm = 0.0371033
不是关键帧
读取第177帧
the size of pts_obj is : 69
the number of inliers is : 67
norm = 0.0566721
T =     0.999291    0.0100295    0.0362841 -0.000791894
  -0.0108713     0.999675    0.0230758    0.0361743
  -0.0360409   -0.0234539     0.999075  -0.00382172
           0            0            0            1
../data/corner/left_178.png不存在
读取第179帧
the size of pts_obj is : 75
the number of inliers is : 74
norm = 0.072326
T =    0.998325 -0.00257244      0.0578 -0.00326635
 0.00320128    0.999937  -0.0107897   0.0578177
 -0.0577686   0.0109566     0.99827 0.000330556
          0           0           0           1
读取第180帧
the size of pts_obj is : 42
the number of inliers is : 42
norm = 0.0192243
不是关键帧
读取第181帧
the size of pts_obj is : 50
the number of inliers is : 49
norm = 0.0555708
T =    0.999099 -0.00651289   0.0419318 0.000736342
 0.00624303    0.999959  0.00656355   0.0419652
 -0.0419728 -0.00629586    0.999099 -0.00110975
          0           0           0           1
读取第182帧
the size of pts_obj is : 60
the number of inliers is : 60
norm = 0.0550195
T =    0.998963 -0.00976849   0.0444772 -0.00190942
 0.00921722    0.999878   0.0125826   0.0445525
 -0.0445947  -0.0121596    0.998931 -0.00075174
          0           0           0           1
读取第183帧
the size of pts_obj is : 91
the number of inliers is : 85
norm = 0.059514
T =      0.99858    0.0262097     0.046371   0.00243604
  -0.0260748     0.999654  -0.00351101    0.0464311
   -0.046447   0.00229691     0.998918 -0.000420929
           0            0            0            1
读取第184帧
the size of pts_obj is : 70
the number of inliers is : 68
norm = 0.0698136
T =    0.998053   0.0285572   0.0554497   0.0011695
  -0.028229    0.999579 -0.00669166     0.05557
 -0.0556175  0.00511333    0.998439 0.000304191
          0           0           0           1
读取第185帧
the size of pts_obj is : 80
the number of inliers is : 76
norm = 0.046969
不是关键帧
读取第186帧
the size of pts_obj is : 87
the number of inliers is : 78
norm = 0.102351
T =     0.99624   0.0105968   0.0859814 -0.00191978
-0.00886751    0.999751  -0.0204691    0.086193
 -0.0861769   0.0196297    0.996086 -0.00105467
          0           0           0           1
读取第187帧
the size of pts_obj is : 75
the number of inliers is : 71
norm = 0.0417016
不是关键帧
读取第188帧
the size of pts_obj is : 73
the number of inliers is : 71
norm = 0.0498317
不是关键帧
读取第189帧
the size of pts_obj is : 80
the number of inliers is : 70
norm = 0.179296
T =     0.987357  -0.00288623     0.158483 -0.000691876
  -0.0011692     0.999674    0.0254898     0.159183
   -0.158505   -0.0253529     0.987033  -0.00431858
           0            0            0            1
读取第190帧
the size of pts_obj is : 104
the number of inliers is : 103
norm = 0.0733586
T =     0.997729    -0.012275    0.0662297   -0.0010874
   0.0122221     0.999925    0.0012039    0.0662848
  -0.0662395 -0.000391705     0.997804 -0.000425355
           0            0            0            1
读取第191帧
the size of pts_obj is : 71
the number of inliers is : 71
norm = 0.0684361
T =    0.998023  -0.0174528   0.0603721  0.00025126
  0.0174259    0.999848 0.000973561   0.0604158
 -0.0603799 8.03992e-05    0.998175 -0.00102035
          0           0           0           1
读取第192帧
the size of pts_obj is : 125
the number of inliers is : 120
norm = 0.0804036
T =    0.997317  0.00842294   0.0727242 -0.00113204
-0.00660103    0.999659  -0.0252565   0.0728909
 -0.0729121   0.0247086    0.997032  0.00160639
          0           0           0           1
读取第193帧
the size of pts_obj is : 115
the number of inliers is : 109
norm = 0.0803158
T =     0.997219    0.0074595     0.074155 -0.000790582
 -0.00780444      0.99996   0.00436298    0.0742063
  -0.0741195  -0.00492959     0.997237  -0.00145328
           0            0            0            1
读取第194帧
the size of pts_obj is : 109
the number of inliers is : 108
norm = 0.0780364
T =    0.997714  -0.0115016   0.0665904 -0.00131479
  0.0106345    0.999854   0.0133613   0.0667151
 -0.0667344  -0.0126226    0.997691  -0.0029331
          0           0           0           1
读取第195帧
the size of pts_obj is : 173
the number of inliers is : 170
norm = 0.0573874
T =     0.998552   0.00312093    0.0537089   0.00136255
 -0.00310933     0.999995 -0.000299507    0.0537351
  -0.0537095  0.000132075     0.998557 -0.000153364
           0            0            0            1
读取第196帧
the size of pts_obj is : 139
the number of inliers is : 139
norm = 0.0639217
T =     0.998456     0.021648    0.0511503  -0.00153893
  -0.0222411     0.999692     0.011055    0.0510502
  -0.0508952   -0.0121755      0.99863 -0.000619731
           0            0            0            1
读取第197帧
the size of pts_obj is : 143
the number of inliers is : 143
norm = 0.0480767
不是关键帧
读取第198帧
the size of pts_obj is : 129
the number of inliers is : 129
norm = 0.0988929
T =    0.996268  0.00888197   0.0858578 -0.00207951
-0.00786887    0.999895   -0.012131   0.0860162
 -0.0859566   0.0114101    0.996234 -0.00139785
          0           0           0           1
读取第199帧
the size of pts_obj is : 102
the number of inliers is : 101
norm = 0.057913
T =    0.998651  0.00641316   0.0515345 -0.00160196
-0.00633238    0.999978 -0.00173073   0.0515627
 -0.0515445  0.00140206     0.99867 -0.00143111
          0           0           0           1
读取第200帧
the size of pts_obj is : 128
the number of inliers is : 126
norm = 0.0552233
T =     0.998935   0.00584761    0.0457719  -0.00164472
  -0.0065982     0.999846    0.0162646    0.0457391
  -0.0456698   -0.0165493     0.998819 -0.000812627
           0            0            0            1
读取第201帧
the size of pts_obj is : 122
the number of inliers is : 120
norm = 0.0515889
T =    0.998988  -0.0117617   0.0434075 -0.00234652
  0.0118218    0.999929 -0.00112878    0.043414
 -0.0433912  0.00164079    0.999057 -0.00214858
          0           0           0           1
读取第202帧
the size of pts_obj is : 19
the number of inliers is : 19
norm = 0.0587287
T =     0.998699   0.00283658    0.0509221   -0.0028026
 -0.00234041     0.999949  -0.00980064    0.0509576
  -0.0509473   0.00966871     0.998655 -0.000163748
           0            0            0            1
读取第203帧
the size of pts_obj is : 94
the number of inliers is : 93
norm = 0.0369317
不是关键帧
读取第204帧
the size of pts_obj is : 156
the number of inliers is : 151
norm = 0.0663219
T =    0.998572 -0.00113618   0.0534181 -0.00369262
 0.00211973    0.999829  -0.0183592   0.0534315
 -0.0533881   0.0184462    0.998403 -0.00150582
          0           0           0           1
读取第205帧
the size of pts_obj is : 138
the number of inliers is : 136
norm = 0.0404138
不是关键帧
读取第206帧
the size of pts_obj is : 133
the number of inliers is : 132
norm = 0.0615394
T =    0.998746   0.0270529   0.0421218 -0.00230244
 -0.0275532    0.999556   0.0113423   0.0419776
 -0.0417963  -0.0124887    0.999048 -0.00148389
          0           0           0           1
读取第207帧
the size of pts_obj is : 108
the number of inliers is : 108
norm = 0.01314
不是关键帧
读取第208帧
the size of pts_obj is : 105
the number of inliers is : 105
norm = 0.026805
不是关键帧
读取第209帧
the size of pts_obj is : 137
the number of inliers is : 135
norm = 0.0292419
不是关键帧
读取第210帧
the size of pts_obj is : 127
the number of inliers is : 127
norm = 0.0431756
不是关键帧
读取第211帧
the size of pts_obj is : 129
the number of inliers is : 127
norm = 0.0576357
T =     0.999843  -0.00272703    0.0174966  -0.00587009
  0.00308171      0.99979   -0.0202763    0.0174692
  -0.0174376    0.0203271     0.999641 -0.000419064
           0            0            0            1
读取第212帧
the size of pts_obj is : 103
the number of inliers is : 103
norm = 0.030388
不是关键帧
读取第213帧
the size of pts_obj is : 92
the number of inliers is : 92
norm = 0.0490452
不是关键帧
读取第214帧
the size of pts_obj is : 92
the number of inliers is : 92
norm = 0.0490452
不是关键帧
读取第215帧
the size of pts_obj is : 169
the number of inliers is : 161
norm = 0.0831237
T =    0.998392  0.00139954    0.056678 -0.00816166
-0.00108874    0.999984 -0.00551407   0.0567121
 -0.0566849   0.0054435    0.998377 -0.00372996
          0           0           0           1
读取第216帧
the size of pts_obj is : 83
the number of inliers is : 83
norm = 0.0183164
不是关键帧
读取第217帧
the size of pts_obj is : 135
the number of inliers is : 133
norm = 0.0304036
不是关键帧
读取第218帧
the size of pts_obj is : 131
the number of inliers is : 129
norm = 0.033663
不是关键帧
读取第219帧
the size of pts_obj is : 157
the number of inliers is : 155
norm = 0.0522355
T =     0.999594    0.0161872   -0.0234651  -0.00354172
   -0.016169     0.999869  0.000963494   -0.0234745
   0.0234776 -0.000583694     0.999724  -0.00232772
           0            0            0            1
读取第220帧
the size of pts_obj is : 86
the number of inliers is : 79
norm = 0.0250558
不是关键帧
读取第221帧
the size of pts_obj is : 119
the number of inliers is : 119
norm = 0.0427827
不是关键帧
读取第222帧
the size of pts_obj is : 141
the number of inliers is : 135
norm = 0.0524487
T =     0.999684   0.00817823   -0.0237679  -0.00444379
 -0.00858646     0.999816   -0.0171244   -0.0236994
   0.0236235    0.0173231     0.999571 -0.000856489
           0            0            0            1
读取第223帧
the size of pts_obj is : 91
the number of inliers is : 90
norm = 0.0137536
不是关键帧
读取第224帧
the size of pts_obj is : 97
the number of inliers is : 96
norm = 0.0329451
不是关键帧
读取第225帧
the size of pts_obj is : 116
the number of inliers is : 113
norm = 0.0423856
不是关键帧
读取第226帧
the size of pts_obj is : 131
the number of inliers is : 128
norm = 0.065634
T =    0.999176  0.00236541   0.0405134 -0.00732369
-0.00272774    0.999957  0.00889059   0.0405137
 -0.0404906 -0.00899377    0.999139 -0.00178298
          0           0           0           1
读取第227帧
the size of pts_obj is : 54
the number of inliers is : 54
norm = 0.0188592
不是关键帧
读取第228帧
the size of pts_obj is : 88
the number of inliers is : 87
norm = 0.0263774
不是关键帧
读取第229帧
the size of pts_obj is : 105
the number of inliers is : 104
norm = 0.0392818
不是关键帧
读取第230帧
the size of pts_obj is : 108
the number of inliers is : 107
norm = 0.0404672
不是关键帧
读取第231帧
the size of pts_obj is : 171
the number of inliers is : 152
norm = 0.0401701
不是关键帧
../data/corner/left_232.png不存在
../data/corner/left_233.png不存在
../data/corner/left_234.png不存在
../data/corner/left_235.png不存在
../data/corner/left_236.png不存在
读取第237帧
the size of pts_obj is : 159
the number of inliers is : 147
norm = 0.0756999
T =    0.999936  0.00726589  0.00871843   -0.011814
-0.00725703    0.999973 -0.00104767  0.00872231
-0.00872581 0.000984334    0.999961 -0.00730859
          0           0           0           1
读取第238帧
the size of pts_obj is : 96
the number of inliers is : 96
norm = 0.0316113
不是关键帧
读取第239帧
the size of pts_obj is : 98
the number of inliers is : 98
norm = 0.0512867
T =    0.999597  -0.0186142   0.0214199 -0.00287454
  0.0180507    0.999494   0.0262078   0.0216638
 -0.0218969  -0.0258106    0.999427 -0.00337427
          0           0           0           1
读取第240帧
the size of pts_obj is : 108
the number of inliers is : 108
norm = 0.0308673
不是关键帧
读取第241帧
the size of pts_obj is : 108
the number of inliers is : 108
norm = 0.0308673
不是关键帧
读取第242帧
the size of pts_obj is : 92
the number of inliers is : 92
norm = 0.0473336
不是关键帧
读取第243帧
the size of pts_obj is : 49
the number of inliers is : 49
norm = 0.0633171
T =     0.999718    0.0237552  0.000211323  -0.00937617
  -0.0237437     0.999445   -0.0233533  0.000488735
-0.000765966    0.0233417     0.999727  -0.00203776
           0            0            0            1
读取第244帧
the size of pts_obj is : 107
the number of inliers is : 107
norm = 0.0260558
不是关键帧
读取第245帧
the size of pts_obj is : 77
the number of inliers is : 77
norm = 0.0406686
不是关键帧
读取第246帧
the size of pts_obj is : 121
the number of inliers is : 121
norm = 0.0525853
T =     0.99944   0.0123695  -0.0310767 -0.00343007
 -0.0122702    0.999919  0.00338423  -0.0311022
   0.031116 -0.00300102    0.999511 0.000585547
          0           0           0           1
读取第247帧
the size of pts_obj is : 94
the number of inliers is : 93
norm = 0.017995
不是关键帧
读取第248帧
the size of pts_obj is : 43
the number of inliers is : 43
norm = 0.0364283
不是关键帧
读取第249帧
the size of pts_obj is : 111
the number of inliers is : 111
norm = 0.0466024
不是关键帧
读取第250帧
the size of pts_obj is : 104
the number of inliers is : 104
norm = 0.0648733
T =    0.999275  0.00605615   0.0375762 -0.00706627
-0.00581343    0.999962 -0.00656531   0.0376047
 -0.0376145  0.00634211    0.999272 -0.00237809
          0           0           0           1
读取第251帧
the size of pts_obj is : 56
the number of inliers is : 56
norm = 0.0106255
不是关键帧
读取第252帧
the size of pts_obj is : 96
the number of inliers is : 95
norm = 0.028653
不是关键帧
../data/corner/left_253.png不存在
读取第254帧
the size of pts_obj is : 108
the number of inliers is : 108
norm = 0.0358308
不是关键帧
读取第255帧
the size of pts_obj is : 107
the number of inliers is : 107
norm = 0.0401141
不是关键帧
读取第256帧
the size of pts_obj is : 98
the number of inliers is : 97
norm = 0.0529746
T =    0.999895  0.00562136  -0.0133617  -0.0076584
-0.00572621    0.999953 -0.00782125    -0.01334
  0.0133171  0.00789694     0.99988 -0.00143453
          0           0           0           1
读取第257帧
the size of pts_obj is : 76
the number of inliers is : 76
norm = 0.0118717
不是关键帧
读取第258帧
the size of pts_obj is : 62
the number of inliers is : 62
norm = 0.0233641
不是关键帧
读取第259帧
the size of pts_obj is : 81
the number of inliers is : 81
norm = 0.0317217
不是关键帧
读取第260帧
the size of pts_obj is : 95
the number of inliers is : 95
norm = 0.0476538
不是关键帧
读取第261帧
the size of pts_obj is : 128
the number of inliers is : 124
norm = 0.0532331
T =    0.999993  0.00322614  0.00205816 -0.00952488
 -0.0032684    0.999777   0.0208729  0.00202441
-0.00199036  -0.0208794     0.99978 -0.00137306
          0           0           0           1
读取第262帧
the size of pts_obj is : 79
the number of inliers is : 79
norm = 0.0164286
不是关键帧
读取第263帧
the size of pts_obj is : 77
the number of inliers is : 77
norm = 0.0263759
不是关键帧
读取第264帧
the size of pts_obj is : 77
the number of inliers is : 77
norm = 0.0263759
不是关键帧
读取第265帧
the size of pts_obj is : 134
the number of inliers is : 133
norm = 0.0515474
T =    0.999698   -0.022035  -0.0108549  -0.0066065
  0.0220906    0.999743  0.00503399  -0.0107991
  0.0107411 -0.00527226    0.999928   -0.001199
          0           0           0           1
读取第266帧
the size of pts_obj is : 70
the number of inliers is : 68
norm = 0.0214675
不是关键帧
读取第267帧
the size of pts_obj is : 79
the number of inliers is : 79
norm = 0.0417674
不是关键帧
读取第268帧
the size of pts_obj is : 32
the number of inliers is : 32
norm = 0.0646496
T =     0.998954    0.0457217  -0.00116024  -0.00122424
  -0.0457207     0.998954  0.000823802  -0.00117888
  0.00119669 -0.000769893     0.999999 -0.000983209
           0            0            0            1
读取第269帧
the size of pts_obj is : 263
the number of inliers is : 263
norm = 8.57826e-08
不是关键帧
读取第270帧
the size of pts_obj is : 96
the number of inliers is : 94
norm = 0.0556607
T =     0.999275   -0.0224699   -0.0307338   -0.0012533
   0.0218048     0.999524   -0.0218083   -0.0309813
   0.0312092    0.0211223      0.99929 -0.000402497
           0            0            0            1
读取第271帧
the size of pts_obj is : 114
the number of inliers is : 105
norm = 0.045237
不是关键帧
读取第272帧
the size of pts_obj is : 67
the number of inliers is : 67
norm = 0.0442629
不是关键帧
读取第273帧
the size of pts_obj is : 116
the number of inliers is : 112
norm = 0.0654456
T =    0.999257 -0.00035876   0.0385452 -0.00485663
 0.00138665    0.999644  -0.0266436   0.0385477
 -0.0385219   0.0266772    0.998902 -0.00254057
          0           0           0           1
读取第274帧
the size of pts_obj is : 74
the number of inliers is : 74
norm = 0.0211035
不是关键帧
读取第275帧
the size of pts_obj is : 115
the number of inliers is : 115
norm = 0.0368573
不是关键帧
读取第276帧
the size of pts_obj is : 74
the number of inliers is : 74
norm = 0.0530991
T =    0.999556   -0.025051   0.0161148 -0.00409245
  0.0247379    0.999507   0.0193443   0.0163566
 -0.0165915  -0.0189371    0.999683  -0.0010248
          0           0           0           1
读取第277帧
the size of pts_obj is : 54
the number of inliers is : 54
norm = 0.0172853
不是关键帧
读取第278帧
the size of pts_obj is : 127
the number of inliers is : 125
norm = 0.031666
不是关键帧
读取第279帧
the size of pts_obj is : 72
